0,24,76,131,160,198,215,224,280,26,130,163,207,260,264,28,44,95,167,190,213,214,289,313,67,193,218,297,300,316,122,233
1,29,75,88,103,176,212,245,12,71,156,175,182,195,216,249,258,295,299,302
2,33,73,112,151,154,200,203,205,209,250,274,284,308,6,25,41,70,97,129,296,9,51,91,173,236,248,256,307,317,13,16,17,36,52,57,96,134,181,22,49,101,138,161,208,229,32,93,253,294,321
3,23,63,115,179,220,239,319,7,144,165,189,196,210,282,43,48,114,127,273,104,119,136,152,199,232,303,141,185,187,192,222,261,276,230
4,8,27,65,107,164,178,188,278,287,304,314,18,35,59,66,184,62,78,92,99,108,132,143,226,286,312
5,139,148,223,271,14,30,55,58,60,82,84,85,89,111,137,191,211,238,269,272,283,318,31,80,102,116,149,170,172,197,240,262,270,285,305,322,45,53,61,64,68,87,100,142,180,204,268,310,94,98,106,110,120,146,147,158,166,168,169,177,202,217,219,221,225,237,277,292,293,171,183,263,275,174,311,265
10,21,135,227,301,46,234,252,266,267,306
11,117,123,251,281,15,34,50,72,315,38,42,79,228,118,162,201,241,246,247,257,279,288,290,291
19,37,69,128,157,159,194,206,244,255,320,323,20,90,113,124,125,126,140,153,231,242,39,74,81,145,254,54,56,155,235,243,86,298,105
40,77,83,109,121,133,150,47,186,259,309
